Community,Size Before,Size After,Size Reduction
0,1298,112,1186
1,340,60,280
3,148,41,107
2,154,55,99
4,119,40,79
5,108,39,69
6,82,37,45
12,68,27,41
10,70,30,40
11,70,30,40
9,73,33,40
8,76,36,40
7,76,36,40
13,65,26,39
17,45,20,25
14,49,25,24
15,48,25,23
16,46,23,23
18,36,20,16
19,35,20,15
20,33,20,13
22,30,20,10
24,29,19,10
21,30,20,10
23,29,20,9
25,27,19,8
26,26,18,8
28,23,18,5
29,22,17,5
27,23,18,5
30,21,17,4
31,20,16,4
32,20,16,4
33,19,16,3
34,19,16,3
39,16,14,2
41,15,13,2
40,16,14,2
35,17,15,2
38,16,14,2
36,17,15,2
42,14,13,1
37,16,15,1
44,13,12,1
428,2,2,0
424,2,2,0
425,2,2,0
426,2,2,0
427,2,2,0
430,2,2,0
429,2,2,0
422,2,2,0
431,2,2,0
432,2,2,0
433,2,2,0
434,2,2,0
423,2,2,0
420,2,2,0
421,2,2,0
419,2,2,0
418,2,2,0
416,2,2,0
415,2,2,0
414,2,2,0
413,2,2,0
436,2,2,0
412,2,2,0
411,2,2,0
410,2,2,0
409,2,2,0
435,2,2,0
458,2,2,0
437,2,2,0
452,2,2,0
464,2,2,0
463,2,2,0
462,2,2,0
461,2,2,0
460,2,2,0
459,2,2,0
407,2,2,0
457,2,2,0
456,2,2,0
455,2,2,0
454,2,2,0
453,2,2,0
451,2,2,0
438,2,2,0
450,2,2,0
449,2,2,0
448,2,2,0
447,2,2,0
446,2,2,0
445,2,2,0
444,2,2,0
443,2,2,0
442,2,2,0
441,2,2,0
440,2,2,0
439,2,2,0
408,2,2,0
317,3,3,0
406,2,2,0
294,3,3,0
306,3,3,0
305,3,3,0
304,3,3,0
303,3,3,0
302,3,3,0
301,3,3,0
300,3,3,0
299,3,3,0
298,3,3,0
297,3,3,0
296,3,3,0
295,3,3,0
293,3,3,0
405,2,2,0
292,3,3,0
291,3,3,0
290,3,3,0
289,3,3,0
288,3,3,0
287,3,3,0
286,3,3,0
285,3,3,0
284,3,3,0
283,3,3,0
282,3,3,0
281,3,3,0
307,3,3,0
308,3,3,0
309,3,3,0
310,3,3,0
404,2,2,0
403,2,2,0
402,2,2,0
401,2,2,0
331,3,3,0
330,3,3,0
329,3,3,0
328,3,3,0
327,3,3,0
326,3,3,0
325,3,3,0
324,3,3,0
323,3,3,0
322,3,3,0
321,3,3,0
320,3,3,0
319,3,3,0
318,3,3,0
466,2,2,0
316,3,3,0
315,3,3,0
314,3,3,0
313,3,3,0
312,3,3,0
311,3,3,0
465,2,2,0
488,2,2,0
467,2,2,0
541,2,2,0
553,2,2,0
552,2,2,0
551,2,2,0
550,2,2,0
549,2,2,0
548,2,2,0
547,2,2,0
546,2,2,0
545,2,2,0
544,2,2,0
543,2,2,0
542,2,2,0
540,2,2,0
555,2,2,0
539,2,2,0
538,2,2,0
537,2,2,0
536,2,2,0
535,2,2,0
534,2,2,0
533,2,2,0
532,2,2,0
531,2,2,0
530,2,2,0
529,2,2,0
528,2,2,0
554,2,2,0
556,2,2,0
468,2,2,0
571,2,2,0
583,2,2,0
582,2,2,0
581,2,2,0
580,2,2,0
579,2,2,0
578,2,2,0
577,2,2,0
576,2,2,0
575,2,2,0
574,2,2,0
573,2,2,0
572,2,2,0
570,2,2,0
557,2,2,0
569,2,2,0
568,2,2,0
567,2,2,0
566,2,2,0
565,2,2,0
564,2,2,0
563,2,2,0
562,2,2,0
561,2,2,0
560,2,2,0
559,2,2,0
558,2,2,0
527,2,2,0
526,2,2,0
525,2,2,0
482,2,2,0
494,2,2,0
493,2,2,0
492,2,2,0
491,2,2,0
490,2,2,0
489,2,2,0
279,3,3,0
487,2,2,0
486,2,2,0
485,2,2,0
484,2,2,0
483,2,2,0
481,2,2,0
524,2,2,0
480,2,2,0
479,2,2,0
478,2,2,0
477,2,2,0
476,2,2,0
475,2,2,0
474,2,2,0
473,2,2,0
472,2,2,0
471,2,2,0
470,2,2,0
469,2,2,0
495,2,2,0
496,2,2,0
497,2,2,0
498,2,2,0
523,2,2,0
522,2,2,0
521,2,2,0
520,2,2,0
519,2,2,0
518,2,2,0
517,2,2,0
516,2,2,0
515,2,2,0
514,2,2,0
513,2,2,0
512,2,2,0
511,2,2,0
510,2,2,0
509,2,2,0
508,2,2,0
507,2,2,0
506,2,2,0
505,2,2,0
504,2,2,0
503,2,2,0
502,2,2,0
501,2,2,0
500,2,2,0
499,2,2,0
280,3,3,0
417,2,2,0
278,3,3,0
192,4,4,0
190,4,4,0
189,4,4,0
188,4,4,0
187,4,4,0
186,4,4,0
185,4,4,0
184,4,4,0
183,4,4,0
181,4,4,0
180,4,4,0
179,4,4,0
178,4,4,0
177,4,4,0
176,4,4,0
175,4,4,0
174,4,4,0
173,4,4,0
141,5,5,0
140,5,5,0
139,5,5,0
138,5,5,0
191,4,4,0
193,4,4,0
136,5,5,0
194,4,4,0
215,4,4,0
214,4,4,0
213,4,4,0
212,4,4,0
211,4,4,0
210,4,4,0
209,4,4,0
208,4,4,0
207,4,4,0
206,4,4,0
205,4,4,0
204,4,4,0
203,4,4,0
202,4,4,0
201,4,4,0
200,4,4,0
199,4,4,0
198,4,4,0
197,4,4,0
196,4,4,0
195,4,4,0
137,5,5,0
135,5,5,0
217,4,4,0
67,10,10,0
65,10,10,0
64,10,10,0
63,10,10,0
62,10,10,0
61,10,10,0
60,10,10,0
59,10,10,0
58,10,10,0
57,10,10,0
55,11,11,0
54,11,11,0
53,11,11,0
52,11,11,0
51,12,12,0
50,12,12,0
49,12,12,0
48,12,12,0
47,12,12,0
46,12,12,0
45,12,12,0
43,13,13,0
66,10,10,0
277,3,3,0
113,6,6,0
73,8,8,0
112,6,6,0
111,6,6,0
110,6,6,0
109,6,6,0
108,6,6,0
107,6,6,0
94,7,7,0
93,7,7,0
92,7,7,0
91,7,7,0
90,7,7,0
89,7,7,0
88,7,7,0
87,7,7,0
80,8,8,0
79,8,8,0
78,8,8,0
77,8,8,0
76,8,8,0
75,8,8,0
74,8,8,0
216,4,4,0
182,4,4,0
273,3,3,0
270,3,3,0
272,3,3,0
274,3,3,0
275,3,3,0
276,3,3,0
271,3,3,0
1547,0,1,-1
1548,0,1,-1
1709,0,1,-1
1559,0,1,-1
1543,0,1,-1
1544,0,1,-1
1545,0,1,-1
1558,0,1,-1
1557,0,1,-1
1556,0,1,-1
1555,0,1,-1
1554,0,1,-1
1553,0,1,-1
1552,0,1,-1
1551,0,1,-1
1550,0,1,-1
1549,0,1,-1
1546,0,1,-1
1702,0,1,-1
1703,0,1,-1
1704,0,1,-1
1705,0,1,-1
1706,0,1,-1
1707,0,1,-1
1708,0,1,-1
1701,0,1,-1
1642,0,1,-1
1711,0,1,-1
1566,0,1,-1
1577,0,1,-1
1576,0,1,-1
1575,0,1,-1
1574,0,1,-1
1573,0,1,-1
1572,0,1,-1
1571,0,1,-1
1570,0,1,-1
1569,0,1,-1
1568,0,1,-1
1567,0,1,-1
1565,0,1,-1
1560,0,1,-1
1564,0,1,-1
1563,0,1,-1
1562,0,1,-1
1561,0,1,-1
1694,0,1,-1
1695,0,1,-1
1696,0,1,-1
1697,0,1,-1
1698,0,1,-1
1699,0,1,-1
1700,0,1,-1
1710,0,1,-1
1715,0,1,-1
1712,0,1,-1
1537,0,1,-1
1535,0,1,-1
1534,0,1,-1
1533,0,1,-1
1532,0,1,-1
1531,0,1,-1
1530,0,1,-1
1529,0,1,-1
1528,0,1,-1
1527,0,1,-1
1526,0,1,-1
1525,0,1,-1
1524,0,1,-1
1523,0,1,-1
1522,0,1,-1
1521,0,1,-1
1520,0,1,-1
1519,0,1,-1
1518,0,1,-1
1517,0,1,-1
1516,0,1,-1
1515,0,1,-1
1514,0,1,-1
1513,0,1,-1
1536,0,1,-1
1733,0,1,-1
1713,0,1,-1
1732,0,1,-1
1714,0,1,-1
1641,0,1,-1
1716,0,1,-1
1542,0,1,-1
1541,0,1,-1
1717,0,1,-1
1540,0,1,-1
1539,0,1,-1
1718,0,1,-1
1719,0,1,-1
1720,0,1,-1
1721,0,1,-1
1722,0,1,-1
1723,0,1,-1
1724,0,1,-1
1725,0,1,-1
1726,0,1,-1
1727,0,1,-1
1728,0,1,-1
1538,0,1,-1
1729,0,1,-1
1730,0,1,-1
1731,0,1,-1
1578,0,1,-1
1579,0,1,-1
1580,0,1,-1
1643,0,1,-1
1645,0,1,-1
1646,0,1,-1
1647,0,1,-1
1648,0,1,-1
1649,0,1,-1
1650,0,1,-1
1613,0,1,-1
1651,0,1,-1
1652,0,1,-1
1653,0,1,-1
1654,0,1,-1
1655,0,1,-1
1656,0,1,-1
1657,0,1,-1
1658,0,1,-1
1659,0,1,-1
1660,0,1,-1
1661,0,1,-1
1662,0,1,-1
1663,0,1,-1
1664,0,1,-1
1665,0,1,-1
1666,0,1,-1
1667,0,1,-1
1668,0,1,-1
1644,0,1,-1
1614,0,1,-1
1581,0,1,-1
1615,0,1,-1
1640,0,1,-1
1639,0,1,-1
1638,0,1,-1
1637,0,1,-1
1636,0,1,-1
1635,0,1,-1
1634,0,1,-1
1633,0,1,-1
1632,0,1,-1
1631,0,1,-1
1630,0,1,-1
1629,0,1,-1
1628,0,1,-1
1627,0,1,-1
1626,0,1,-1
1625,0,1,-1
1624,0,1,-1
1623,0,1,-1
1622,0,1,-1
1621,0,1,-1
1620,0,1,-1
1619,0,1,-1
1618,0,1,-1
1617,0,1,-1
1616,0,1,-1
1669,0,1,-1
1670,0,1,-1
1671,0,1,-1
1672,0,1,-1
1599,0,1,-1
1598,0,1,-1
1597,0,1,-1
1596,0,1,-1
1595,0,1,-1
1594,0,1,-1
1593,0,1,-1
1592,0,1,-1
1591,0,1,-1
1590,0,1,-1
1589,0,1,-1
1588,0,1,-1
1587,0,1,-1
1586,0,1,-1
1585,0,1,-1
1584,0,1,-1
1583,0,1,-1
1582,0,1,-1
1687,0,1,-1
1688,0,1,-1
1689,0,1,-1
1690,0,1,-1
1691,0,1,-1
1692,0,1,-1
1693,0,1,-1
1600,0,1,-1
1601,0,1,-1
1602,0,1,-1
1683,0,1,-1
1673,0,1,-1
1674,0,1,-1
1675,0,1,-1
1676,0,1,-1
1677,0,1,-1
1511,0,1,-1
1678,0,1,-1
1679,0,1,-1
1680,0,1,-1
1681,0,1,-1
1682,0,1,-1
1684,0,1,-1
1603,0,1,-1
1685,0,1,-1
1686,0,1,-1
1612,0,1,-1
1611,0,1,-1
1610,0,1,-1
1609,0,1,-1
1608,0,1,-1
1607,0,1,-1
1606,0,1,-1
1605,0,1,-1
1604,0,1,-1
1512,0,1,-1
1291,0,1,-1
1510,0,1,-1
1509,0,1,-1
1453,0,1,-1
1452,0,1,-1
1451,0,1,-1
1450,0,1,-1
1449,0,1,-1
1448,0,1,-1
1447,0,1,-1
1446,0,1,-1
1445,0,1,-1
1444,0,1,-1
1443,0,1,-1
1442,0,1,-1
1441,0,1,-1
1440,0,1,-1
1439,0,1,-1
1438,0,1,-1
1437,0,1,-1
1436,0,1,-1
1435,0,1,-1
1434,0,1,-1
1433,0,1,-1
1432,0,1,-1
1431,0,1,-1
1430,0,1,-1
1429,0,1,-1
1454,0,1,-1
1455,0,1,-1
1456,0,1,-1
1470,0,1,-1
1480,0,1,-1
1479,0,1,-1
1372,0,1,-1
1478,0,1,-1
1477,0,1,-1
1476,0,1,-1
1475,0,1,-1
1474,0,1,-1
1473,0,1,-1
1472,0,1,-1
1471,0,1,-1
1469,0,1,-1
1457,0,1,-1
1468,0,1,-1
1467,0,1,-1
1466,0,1,-1
1465,0,1,-1
1464,0,1,-1
1463,0,1,-1
1462,0,1,-1
1461,0,1,-1
1460,0,1,-1
1459,0,1,-1
1458,0,1,-1
1428,0,1,-1
1427,0,1,-1
1426,0,1,-1
1403,0,1,-1
1392,0,1,-1
1393,0,1,-1
1394,0,1,-1
1395,0,1,-1
1396,0,1,-1
1397,0,1,-1
1398,0,1,-1
1399,0,1,-1
1400,0,1,-1
1401,0,1,-1
1402,0,1,-1
1404,0,1,-1
1390,0,1,-1
1405,0,1,-1
1406,0,1,-1
1407,0,1,-1
1408,0,1,-1
1409,0,1,-1
1410,0,1,-1
1411,0,1,-1
1412,0,1,-1
1413,0,1,-1
1414,0,1,-1
1415,0,1,-1
1391,0,1,-1
1389,0,1,-1
1425,0,1,-1
1375,0,1,-1
1424,0,1,-1
1423,0,1,-1
1422,0,1,-1
1421,0,1,-1
1420,0,1,-1
1419,0,1,-1
1418,0,1,-1
1417,0,1,-1
1416,0,1,-1
1373,0,1,-1
1374,0,1,-1
1376,0,1,-1
1388,0,1,-1
1377,0,1,-1
1378,0,1,-1
1379,0,1,-1
1380,0,1,-1
1381,0,1,-1
1382,0,1,-1
1383,0,1,-1
1384,0,1,-1
1385,0,1,-1
1386,0,1,-1
1387,0,1,-1
1481,0,1,-1
1482,0,1,-1
1483,0,1,-1
1303,0,1,-1
1292,0,1,-1
1293,0,1,-1
1294,0,1,-1
1295,0,1,-1
1296,0,1,-1
1297,0,1,-1
1298,0,1,-1
1299,0,1,-1
1300,0,1,-1
1301,0,1,-1
1302,0,1,-1
1304,0,1,-1
1289,0,1,-1
1305,0,1,-1
1306,0,1,-1
1307,0,1,-1
1308,0,1,-1
1309,0,1,-1
1310,0,1,-1
1311,0,1,-1
1312,0,1,-1
1313,0,1,-1
1314,0,1,-1
1315,0,1,-1
1290,0,1,-1
1288,0,1,-1
1317,0,1,-1
1497,0,1,-1
1508,0,1,-1
1507,0,1,-1
1506,0,1,-1
1505,0,1,-1
1504,0,1,-1
1503,0,1,-1
1502,0,1,-1
1501,0,1,-1
1500,0,1,-1
1499,0,1,-1
1498,0,1,-1
1496,0,1,-1
1484,0,1,-1
1495,0,1,-1
1494,0,1,-1
1493,0,1,-1
1492,0,1,-1
1491,0,1,-1
1490,0,1,-1
1489,0,1,-1
1488,0,1,-1
1487,0,1,-1
1486,0,1,-1
1485,0,1,-1
1316,0,1,-1
1318,0,1,-1
1371,0,1,-1
1359,0,1,-1
1348,0,1,-1
1349,0,1,-1
1350,0,1,-1
1351,0,1,-1
1352,0,1,-1
1353,0,1,-1
1354,0,1,-1
1355,0,1,-1
1356,0,1,-1
1357,0,1,-1
1358,0,1,-1
1360,0,1,-1
1346,0,1,-1
1361,0,1,-1
1362,0,1,-1
1363,0,1,-1
1735,0,1,-1
1364,0,1,-1
1365,0,1,-1
1366,0,1,-1
1367,0,1,-1
1368,0,1,-1
1369,0,1,-1
1370,0,1,-1
1347,0,1,-1
1345,0,1,-1
1319,0,1,-1
1331,0,1,-1
1320,0,1,-1
1321,0,1,-1
1322,0,1,-1
1323,0,1,-1
1324,0,1,-1
1325,0,1,-1
1326,0,1,-1
1327,0,1,-1
1328,0,1,-1
1329,0,1,-1
1330,0,1,-1
1332,0,1,-1
1344,0,1,-1
1333,0,1,-1
1334,0,1,-1
1335,0,1,-1
1336,0,1,-1
1337,0,1,-1
1338,0,1,-1
1339,0,1,-1
1340,0,1,-1
1341,0,1,-1
1342,0,1,-1
1343,0,1,-1
1734,0,1,-1
1928,0,1,-1
1736,0,1,-1
1961,0,1,-1
2043,0,1,-1
2042,0,1,-1
2041,0,1,-1
2040,0,1,-1
2039,0,1,-1
2038,0,1,-1
2037,0,1,-1
2036,0,1,-1
2035,0,1,-1
2034,0,1,-1
2033,0,1,-1
2032,0,1,-1
2031,0,1,-1
2030,0,1,-1
2029,0,1,-1
2028,0,1,-1
2027,0,1,-1
2026,0,1,-1
2025,0,1,-1
2024,0,1,-1
2023,0,1,-1
2022,0,1,-1
2021,0,1,-1
2020,0,1,-1
2019,0,1,-1
2044,0,1,-1
2045,0,1,-1
2046,0,1,-1
2060,0,1,-1
2071,0,1,-1
2070,0,1,-1
2069,0,1,-1
2068,0,1,-1
2067,0,1,-1
2066,0,1,-1
2065,0,1,-1
2064,0,1,-1
2063,0,1,-1
2062,0,1,-1
2061,0,1,-1
2059,0,1,-1
2047,0,1,-1
2058,0,1,-1
2057,0,1,-1
2056,0,1,-1
2055,0,1,-1
2054,0,1,-1
2053,0,1,-1
2052,0,1,-1
2051,0,1,-1
2050,0,1,-1
2049,0,1,-1
2048,0,1,-1
2018,0,1,-1
2017,0,1,-1
2016,0,1,-1
1975,0,1,-1
1986,0,1,-1
1985,0,1,-1
1984,0,1,-1
1983,0,1,-1
1982,0,1,-1
1981,0,1,-1
1980,0,1,-1
1979,0,1,-1
1978,0,1,-1
1977,0,1,-1
1976,0,1,-1
1974,0,1,-1
1988,0,1,-1
1973,0,1,-1
1972,0,1,-1
1971,0,1,-1
1970,0,1,-1
1969,0,1,-1
1968,0,1,-1
1967,0,1,-1
1966,0,1,-1
1965,0,1,-1
1964,0,1,-1
1963,0,1,-1
1987,0,1,-1
1989,0,1,-1
2015,0,1,-1
2003,0,1,-1
2014,0,1,-1
2013,0,1,-1
2012,0,1,-1
2011,0,1,-1
2010,0,1,-1
2009,0,1,-1
2008,0,1,-1
2007,0,1,-1
2006,0,1,-1
2005,0,1,-1
2004,0,1,-1
2002,0,1,-1
1990,0,1,-1
2001,0,1,-1
2000,0,1,-1
1999,0,1,-1
1998,0,1,-1
1997,0,1,-1
1996,0,1,-1
1995,0,1,-1
1994,0,1,-1
1993,0,1,-1
1992,0,1,-1
1991,0,1,-1
2072,0,1,-1
2073,0,1,-1
2074,0,1,-1
2144,0,1,-1
2155,0,1,-1
2154,0,1,-1
2153,0,1,-1
2152,0,1,-1
2151,0,1,-1
2150,0,1,-1
2149,0,1,-1
2148,0,1,-1
2147,0,1,-1
2146,0,1,-1
2145,0,1,-1
2143,0,1,-1
2157,0,1,-1
2142,0,1,-1
2141,0,1,-1
2140,0,1,-1
2139,0,1,-1
2138,0,1,-1
2137,0,1,-1
2136,0,1,-1
2135,0,1,-1
2134,0,1,-1
2133,0,1,-1
2132,0,1,-1
2156,0,1,-1
2158,0,1,-1
2130,0,1,-1
2172,0,1,-1
2183,0,1,-1
2182,0,1,-1
2181,0,1,-1
2180,0,1,-1
2179,0,1,-1
2178,0,1,-1
2177,0,1,-1
2176,0,1,-1
2175,0,1,-1
2174,0,1,-1
2173,0,1,-1
2171,0,1,-1
2159,0,1,-1
2170,0,1,-1
2169,0,1,-1
2168,0,1,-1
2167,0,1,-1
2166,0,1,-1
2165,0,1,-1
2164,0,1,-1
2163,0,1,-1
2162,0,1,-1
2161,0,1,-1
2160,0,1,-1
2131,0,1,-1
2129,0,1,-1
2075,0,1,-1
2088,0,1,-1
2099,0,1,-1
2098,0,1,-1
2097,0,1,-1
2096,0,1,-1
2095,0,1,-1
2094,0,1,-1
2093,0,1,-1
2092,0,1,-1
2091,0,1,-1
2090,0,1,-1
2089,0,1,-1
2087,0,1,-1
2101,0,1,-1
2086,0,1,-1
2085,0,1,-1
2084,0,1,-1
2083,0,1,-1
2082,0,1,-1
2081,0,1,-1
2080,0,1,-1
2079,0,1,-1
2078,0,1,-1
2077,0,1,-1
2076,0,1,-1
2100,0,1,-1
2102,0,1,-1
2128,0,1,-1
2116,0,1,-1
2127,0,1,-1
2126,0,1,-1
2125,0,1,-1
2124,0,1,-1
2123,0,1,-1
2122,0,1,-1
2121,0,1,-1
2120,0,1,-1
2119,0,1,-1
2118,0,1,-1
2117,0,1,-1
2115,0,1,-1
2103,0,1,-1
2114,0,1,-1
2113,0,1,-1
2112,0,1,-1
2111,0,1,-1
2110,0,1,-1
2109,0,1,-1
2108,0,1,-1
2107,0,1,-1
2106,0,1,-1
2105,0,1,-1
2104,0,1,-1
1962,0,1,-1
1960,0,1,-1
1737,0,1,-1
1959,0,1,-1
1818,0,1,-1
1817,0,1,-1
1816,0,1,-1
1815,0,1,-1
1814,0,1,-1
1813,0,1,-1
1812,0,1,-1
1811,0,1,-1
1810,0,1,-1
1809,0,1,-1
1808,0,1,-1
1807,0,1,-1
1806,0,1,-1
1805,0,1,-1
1804,0,1,-1
1803,0,1,-1
1802,0,1,-1
1801,0,1,-1
1800,0,1,-1
1799,0,1,-1
1798,0,1,-1
1797,0,1,-1
1796,0,1,-1
1795,0,1,-1
1794,0,1,-1
1819,0,1,-1
1820,0,1,-1
1821,0,1,-1
1835,0,1,-1
1846,0,1,-1
1845,0,1,-1
1844,0,1,-1
1843,0,1,-1
1842,0,1,-1
1841,0,1,-1
1840,0,1,-1
1839,0,1,-1
1838,0,1,-1
1837,0,1,-1
1836,0,1,-1
1834,0,1,-1
1822,0,1,-1
1833,0,1,-1
1832,0,1,-1
1831,0,1,-1
1830,0,1,-1
1829,0,1,-1
1828,0,1,-1
1827,0,1,-1
1826,0,1,-1
1825,0,1,-1
1824,0,1,-1
1823,0,1,-1
1793,0,1,-1
1792,0,1,-1
1791,0,1,-1
1750,0,1,-1
1761,0,1,-1
1760,0,1,-1
1759,0,1,-1
1758,0,1,-1
1757,0,1,-1
1756,0,1,-1
1755,0,1,-1
1754,0,1,-1
1753,0,1,-1
1752,0,1,-1
1751,0,1,-1
1749,0,1,-1
1763,0,1,-1
1748,0,1,-1
1747,0,1,-1
1746,0,1,-1
1745,0,1,-1
1744,0,1,-1
1743,0,1,-1
1742,0,1,-1
1741,0,1,-1
1740,0,1,-1
1739,0,1,-1
1738,0,1,-1
1762,0,1,-1
1764,0,1,-1
1790,0,1,-1
1778,0,1,-1
1789,0,1,-1
1788,0,1,-1
1787,0,1,-1
1786,0,1,-1
1785,0,1,-1
1784,0,1,-1
1783,0,1,-1
1782,0,1,-1
1781,0,1,-1
1780,0,1,-1
1779,0,1,-1
1777,0,1,-1
1765,0,1,-1
1776,0,1,-1
1775,0,1,-1
1774,0,1,-1
1773,0,1,-1
1772,0,1,-1
1771,0,1,-1
1770,0,1,-1
1769,0,1,-1
1768,0,1,-1
1767,0,1,-1
1766,0,1,-1
1847,0,1,-1
1848,0,1,-1
1849,0,1,-1
1919,0,1,-1
1930,0,1,-1
1929,0,1,-1
1286,0,1,-1
1927,0,1,-1
1926,0,1,-1
1925,0,1,-1
1924,0,1,-1
1923,0,1,-1
1922,0,1,-1
1921,0,1,-1
1920,0,1,-1
1918,0,1,-1
1932,0,1,-1
1917,0,1,-1
1916,0,1,-1
1915,0,1,-1
1914,0,1,-1
1913,0,1,-1
1912,0,1,-1
1911,0,1,-1
1910,0,1,-1
1909,0,1,-1
1908,0,1,-1
1907,0,1,-1
1931,0,1,-1
1933,0,1,-1
1905,0,1,-1
1947,0,1,-1
1958,0,1,-1
1957,0,1,-1
1956,0,1,-1
1955,0,1,-1
1954,0,1,-1
1953,0,1,-1
1952,0,1,-1
1951,0,1,-1
1950,0,1,-1
1949,0,1,-1
1948,0,1,-1
1946,0,1,-1
1934,0,1,-1
1945,0,1,-1
1944,0,1,-1
1943,0,1,-1
1942,0,1,-1
1941,0,1,-1
1940,0,1,-1
1939,0,1,-1
1938,0,1,-1
1937,0,1,-1
1936,0,1,-1
1935,0,1,-1
1906,0,1,-1
1904,0,1,-1
1850,0,1,-1
1863,0,1,-1
1874,0,1,-1
1873,0,1,-1
1872,0,1,-1
1871,0,1,-1
1870,0,1,-1
1869,0,1,-1
1868,0,1,-1
1867,0,1,-1
1866,0,1,-1
1865,0,1,-1
1864,0,1,-1
1862,0,1,-1
1876,0,1,-1
1861,0,1,-1
1860,0,1,-1
1859,0,1,-1
1858,0,1,-1
1857,0,1,-1
1856,0,1,-1
1855,0,1,-1
1854,0,1,-1
1853,0,1,-1
1852,0,1,-1
1851,0,1,-1
1875,0,1,-1
1877,0,1,-1
1903,0,1,-1
1891,0,1,-1
1902,0,1,-1
1901,0,1,-1
1900,0,1,-1
1899,0,1,-1
1898,0,1,-1
1897,0,1,-1
1896,0,1,-1
1895,0,1,-1
1894,0,1,-1
1893,0,1,-1
1892,0,1,-1
1890,0,1,-1
1878,0,1,-1
1889,0,1,-1
1888,0,1,-1
1887,0,1,-1
1886,0,1,-1
1885,0,1,-1
1884,0,1,-1
1883,0,1,-1
1882,0,1,-1
1881,0,1,-1
1880,0,1,-1
1879,0,1,-1
1287,0,1,-1
1092,0,1,-1
1285,0,1,-1
750,0,1,-1
772,0,1,-1
771,0,1,-1
770,0,1,-1
769,0,1,-1
768,0,1,-1
767,0,1,-1
766,0,1,-1
765,0,1,-1
764,0,1,-1
763,0,1,-1
762,0,1,-1
761,0,1,-1
760,0,1,-1
759,0,1,-1
758,0,1,-1
757,0,1,-1
756,0,1,-1
755,0,1,-1
754,0,1,-1
753,0,1,-1
752,0,1,-1
773,0,1,-1
774,0,1,-1
775,0,1,-1
787,0,1,-1
796,0,1,-1
795,0,1,-1
794,0,1,-1
793,0,1,-1
792,0,1,-1
791,0,1,-1
790,0,1,-1
789,0,1,-1
788,0,1,-1
786,0,1,-1
776,0,1,-1
785,0,1,-1
784,0,1,-1
783,0,1,-1
782,0,1,-1
781,0,1,-1
780,0,1,-1
779,0,1,-1
778,0,1,-1
777,0,1,-1
751,0,1,-1
749,0,1,-1
895,0,1,-1
748,0,1,-1
723,0,1,-1
722,0,1,-1
721,0,1,-1
720,0,1,-1
719,0,1,-1
718,0,1,-1
717,0,1,-1
716,0,1,-1
715,0,1,-1
714,0,1,-1
713,0,1,-1
712,0,1,-1
711,0,1,-1
710,0,1,-1
709,0,1,-1
708,0,1,-1
707,0,1,-1
706,0,1,-1
400,2,3,-1
399,2,3,-1
398,2,3,-1
724,0,1,-1
725,0,1,-1
726,0,1,-1
738,0,1,-1
747,0,1,-1
746,0,1,-1
745,0,1,-1
744,0,1,-1
743,0,1,-1
742,0,1,-1
741,0,1,-1
740,0,1,-1
739,0,1,-1
737,0,1,-1
727,0,1,-1
736,0,1,-1
735,0,1,-1
734,0,1,-1
733,0,1,-1
732,0,1,-1
731,0,1,-1
730,0,1,-1
729,0,1,-1
728,0,1,-1
797,0,1,-1
798,0,1,-1
799,0,1,-1
800,0,1,-1
869,0,1,-1
868,0,1,-1
867,0,1,-1
866,0,1,-1
865,0,1,-1
864,0,1,-1
863,0,1,-1
862,0,1,-1
861,0,1,-1
860,0,1,-1
859,0,1,-1
858,0,1,-1
857,0,1,-1
856,0,1,-1
855,0,1,-1
854,0,1,-1
853,0,1,-1
852,0,1,-1
851,0,1,-1
850,0,1,-1
849,0,1,-1
870,0,1,-1
871,0,1,-1
872,0,1,-1
884,0,1,-1
893,0,1,-1
892,0,1,-1
891,0,1,-1
890,0,1,-1
889,0,1,-1
888,0,1,-1
887,0,1,-1
886,0,1,-1
885,0,1,-1
883,0,1,-1
873,0,1,-1
882,0,1,-1
881,0,1,-1
880,0,1,-1
879,0,1,-1
878,0,1,-1
877,0,1,-1
876,0,1,-1
875,0,1,-1
874,0,1,-1
848,0,1,-1
847,0,1,-1
846,0,1,-1
811,0,1,-1
820,0,1,-1
819,0,1,-1
818,0,1,-1
817,0,1,-1
816,0,1,-1
815,0,1,-1
814,0,1,-1
813,0,1,-1
812,0,1,-1
810,0,1,-1
822,0,1,-1
809,0,1,-1
808,0,1,-1
807,0,1,-1
806,0,1,-1
805,0,1,-1
804,0,1,-1
803,0,1,-1
802,0,1,-1
801,0,1,-1
821,0,1,-1
823,0,1,-1
845,0,1,-1
1284,0,1,-1
844,0,1,-1
843,0,1,-1
842,0,1,-1
841,0,1,-1
840,0,1,-1
839,0,1,-1
838,0,1,-1
837,0,1,-1
836,0,1,-1
834,0,1,-1
824,0,1,-1
833,0,1,-1
832,0,1,-1
831,0,1,-1
830,0,1,-1
829,0,1,-1
828,0,1,-1
827,0,1,-1
826,0,1,-1
825,0,1,-1
397,2,3,-1
396,2,3,-1
395,2,3,-1
236,3,4,-1
165,4,5,-1
164,4,5,-1
163,4,5,-1
162,4,5,-1
161,4,5,-1
160,4,5,-1
159,4,5,-1
158,4,5,-1
157,4,5,-1
156,4,5,-1
155,4,5,-1
154,4,5,-1
153,4,5,-1
152,4,5,-1
151,4,5,-1
150,4,5,-1
149,4,5,-1
148,4,5,-1
147,4,5,-1
146,4,5,-1
145,4,5,-1
166,4,5,-1
167,4,5,-1
168,4,5,-1
225,3,4,-1
234,3,4,-1
233,3,4,-1
232,3,4,-1
231,3,4,-1
230,3,4,-1
229,3,4,-1
228,3,4,-1
227,3,4,-1
226,3,4,-1
224,3,4,-1
169,4,5,-1
223,3,4,-1
222,3,4,-1
221,3,4,-1
220,3,4,-1
219,3,4,-1
218,3,4,-1
172,4,5,-1
171,4,5,-1
170,4,5,-1
144,4,5,-1
143,4,5,-1
142,4,5,-1
85,7,8,-1
102,6,7,-1
101,6,7,-1
100,6,7,-1
99,6,7,-1
98,6,7,-1
97,6,7,-1
96,6,7,-1
95,6,7,-1
86,7,8,-1
84,7,8,-1
104,6,7,-1
83,7,8,-1
82,7,8,-1
81,7,8,-1
72,8,9,-1
71,8,9,-1
70,8,9,-1
69,9,10,-1
68,9,10,-1
56,10,11,-1
103,6,7,-1
105,6,7,-1
134,5,6,-1
124,5,6,-1
133,5,6,-1
132,5,6,-1
131,5,6,-1
130,5,6,-1
129,5,6,-1
128,5,6,-1
127,5,6,-1
126,5,6,-1
125,5,6,-1
123,5,6,-1
106,6,7,-1
122,5,6,-1
121,5,6,-1
120,5,6,-1
119,5,6,-1
118,5,6,-1
117,5,6,-1
116,5,6,-1
115,5,6,-1
114,5,6,-1
235,3,4,-1
237,3,4,-1
394,2,3,-1
238,3,4,-1
369,2,3,-1
368,2,3,-1
367,2,3,-1
366,2,3,-1
365,2,3,-1
364,2,3,-1
363,2,3,-1
362,2,3,-1
361,2,3,-1
360,2,3,-1
359,2,3,-1
358,2,3,-1
357,2,3,-1
356,2,3,-1
355,2,3,-1
354,2,3,-1
353,2,3,-1
352,2,3,-1
351,2,3,-1
350,2,3,-1
349,2,3,-1
370,2,3,-1
371,2,3,-1
372,2,3,-1
384,2,3,-1
393,2,3,-1
392,2,3,-1
391,2,3,-1
390,2,3,-1
389,2,3,-1
388,2,3,-1
387,2,3,-1
386,2,3,-1
385,2,3,-1
383,2,3,-1
373,2,3,-1
382,2,3,-1
381,2,3,-1
380,2,3,-1
379,2,3,-1
378,2,3,-1
377,2,3,-1
376,2,3,-1
375,2,3,-1
374,2,3,-1
348,2,3,-1
347,2,3,-1
346,2,3,-1
249,3,4,-1
258,3,4,-1
257,3,4,-1
256,3,4,-1
255,3,4,-1
254,3,4,-1
253,3,4,-1
252,3,4,-1
251,3,4,-1
250,3,4,-1
248,3,4,-1
260,3,4,-1
247,3,4,-1
246,3,4,-1
245,3,4,-1
244,3,4,-1
243,3,4,-1
242,3,4,-1
241,3,4,-1
240,3,4,-1
239,3,4,-1
259,3,4,-1
261,3,4,-1
345,2,3,-1
335,2,3,-1
344,2,3,-1
343,2,3,-1
342,2,3,-1
341,2,3,-1
340,2,3,-1
339,2,3,-1
338,2,3,-1
337,2,3,-1
336,2,3,-1
334,2,3,-1
262,3,4,-1
333,2,3,-1
332,2,3,-1
269,3,4,-1
268,3,4,-1
267,3,4,-1
266,3,4,-1
265,3,4,-1
264,3,4,-1
263,3,4,-1
894,0,1,-1
835,0,1,-1
896,0,1,-1
1160,0,1,-1
1158,0,1,-1
1157,0,1,-1
1156,0,1,-1
1155,0,1,-1
1154,0,1,-1
1153,0,1,-1
1152,0,1,-1
1151,0,1,-1
1150,0,1,-1
1149,0,1,-1
1148,0,1,-1
1147,0,1,-1
1146,0,1,-1
1145,0,1,-1
1144,0,1,-1
1143,0,1,-1
1142,0,1,-1
1141,0,1,-1
1140,0,1,-1
1139,0,1,-1
1138,0,1,-1
1159,0,1,-1
1161,0,1,-1
1136,0,1,-1
1162,0,1,-1
1183,0,1,-1
1182,0,1,-1
1181,0,1,-1
1180,0,1,-1
1179,0,1,-1
1178,0,1,-1
1177,0,1,-1
1176,0,1,-1
1175,0,1,-1
1174,0,1,-1
1173,0,1,-1
1172,0,1,-1
1171,0,1,-1
1170,0,1,-1
1169,0,1,-1
1168,0,1,-1
1167,0,1,-1
1166,0,1,-1
1165,0,1,-1
1164,0,1,-1
1163,0,1,-1
1137,0,1,-1
1135,0,1,-1
1185,0,1,-1
1110,0,1,-1
1108,0,1,-1
1107,0,1,-1
1106,0,1,-1
1105,0,1,-1
1104,0,1,-1
1103,0,1,-1
1102,0,1,-1
1101,0,1,-1
1100,0,1,-1
1099,0,1,-1
1098,0,1,-1
1097,0,1,-1
1096,0,1,-1
1095,0,1,-1
1094,0,1,-1
1093,0,1,-1
1091,0,1,-1
1090,0,1,-1
1089,0,1,-1
1088,0,1,-1
1087,0,1,-1
1109,0,1,-1
1111,0,1,-1
1134,0,1,-1
1112,0,1,-1
1133,0,1,-1
1132,0,1,-1
1131,0,1,-1
1130,0,1,-1
1129,0,1,-1
1128,0,1,-1
1127,0,1,-1
1126,0,1,-1
1125,0,1,-1
1124,0,1,-1
1123,0,1,-1
1122,0,1,-1
1121,0,1,-1
1120,0,1,-1
1119,0,1,-1
1118,0,1,-1
1117,0,1,-1
1116,0,1,-1
1115,0,1,-1
1114,0,1,-1
1113,0,1,-1
1184,0,1,-1
1186,0,1,-1
897,0,1,-1
1260,0,1,-1
1258,0,1,-1
1257,0,1,-1
1256,0,1,-1
1255,0,1,-1
1254,0,1,-1
1253,0,1,-1
1252,0,1,-1
1251,0,1,-1
1250,0,1,-1
1249,0,1,-1
1248,0,1,-1
1247,0,1,-1
1246,0,1,-1
1245,0,1,-1
1244,0,1,-1
1243,0,1,-1
1242,0,1,-1
1241,0,1,-1
1240,0,1,-1
1239,0,1,-1
1238,0,1,-1
1259,0,1,-1
1261,0,1,-1
1236,0,1,-1
1262,0,1,-1
1283,0,1,-1
1282,0,1,-1
1281,0,1,-1
1280,0,1,-1
1279,0,1,-1
1278,0,1,-1
1277,0,1,-1
1276,0,1,-1
1275,0,1,-1
1274,0,1,-1
1273,0,1,-1
1272,0,1,-1
1271,0,1,-1
1270,0,1,-1
1269,0,1,-1
1268,0,1,-1
1267,0,1,-1
1266,0,1,-1
1265,0,1,-1
1264,0,1,-1
1263,0,1,-1
1237,0,1,-1
1235,0,1,-1
1187,0,1,-1
1210,0,1,-1
1208,0,1,-1
1207,0,1,-1
1206,0,1,-1
1205,0,1,-1
1204,0,1,-1
1203,0,1,-1
1202,0,1,-1
1201,0,1,-1
1200,0,1,-1
1199,0,1,-1
1198,0,1,-1
1197,0,1,-1
1196,0,1,-1
1195,0,1,-1
1194,0,1,-1
1193,0,1,-1
1192,0,1,-1
1191,0,1,-1
1190,0,1,-1
1189,0,1,-1
1188,0,1,-1
1209,0,1,-1
1211,0,1,-1
1234,0,1,-1
1212,0,1,-1
1233,0,1,-1
1232,0,1,-1
1231,0,1,-1
1230,0,1,-1
1229,0,1,-1
1228,0,1,-1
1227,0,1,-1
1226,0,1,-1
1225,0,1,-1
1224,0,1,-1
1223,0,1,-1
1222,0,1,-1
1221,0,1,-1
1220,0,1,-1
1219,0,1,-1
1218,0,1,-1
1217,0,1,-1
1216,0,1,-1
1215,0,1,-1
1214,0,1,-1
1213,0,1,-1
1086,0,1,-1
2184,0,1,-1
1051,0,1,-1
1077,0,1,-1
1016,0,1,-1
1085,0,1,-1
1084,0,1,-1
1083,0,1,-1
1082,0,1,-1
1081,0,1,-1
1080,0,1,-1
1079,0,1,-1
1078,0,1,-1
1076,0,1,-1
1014,0,1,-1
1075,0,1,-1
1074,0,1,-1
1073,0,1,-1
1072,0,1,-1
1071,0,1,-1
1070,0,1,-1
1069,0,1,-1
1068,0,1,-1
1067,0,1,-1
1015,0,1,-1
1013,0,1,-1
1018,0,1,-1
1001,0,1,-1
992,0,1,-1
993,0,1,-1
994,0,1,-1
995,0,1,-1
996,0,1,-1
997,0,1,-1
998,0,1,-1
999,0,1,-1
1000,0,1,-1
1002,0,1,-1
1012,0,1,-1
1003,0,1,-1
1004,0,1,-1
1005,0,1,-1
1006,0,1,-1
1007,0,1,-1
1008,0,1,-1
1009,0,1,-1
1010,0,1,-1
1011,0,1,-1
1066,0,1,-1
1065,0,1,-1
1064,0,1,-1
1030,0,1,-1
1039,0,1,-1
1038,0,1,-1
1037,0,1,-1
1036,0,1,-1
1035,0,1,-1
1034,0,1,-1
1033,0,1,-1
1032,0,1,-1
1031,0,1,-1
1029,0,1,-1
1063,0,1,-1
1028,0,1,-1
1027,0,1,-1
1026,0,1,-1
1025,0,1,-1
1024,0,1,-1
1023,0,1,-1
1022,0,1,-1
1021,0,1,-1
1020,0,1,-1
1040,0,1,-1
1041,0,1,-1
1042,0,1,-1
1043,0,1,-1
1062,0,1,-1
1061,0,1,-1
1060,0,1,-1
1059,0,1,-1
1058,0,1,-1
1057,0,1,-1
1056,0,1,-1
1055,0,1,-1
1054,0,1,-1
1053,0,1,-1
1052,0,1,-1
1017,0,1,-1
1050,0,1,-1
1049,0,1,-1
1048,0,1,-1
1047,0,1,-1
1046,0,1,-1
1045,0,1,-1
1044,0,1,-1
991,0,1,-1
990,0,1,-1
989,0,1,-1
930,0,1,-1
921,0,1,-1
922,0,1,-1
923,0,1,-1
924,0,1,-1
925,0,1,-1
926,0,1,-1
927,0,1,-1
928,0,1,-1
929,0,1,-1
931,0,1,-1
942,0,1,-1
932,0,1,-1
933,0,1,-1
934,0,1,-1
935,0,1,-1
936,0,1,-1
937,0,1,-1
938,0,1,-1
939,0,1,-1
940,0,1,-1
920,0,1,-1
919,0,1,-1
918,0,1,-1
917,0,1,-1
898,0,1,-1
899,0,1,-1
900,0,1,-1
901,0,1,-1
902,0,1,-1
903,0,1,-1
904,0,1,-1
905,0,1,-1
906,0,1,-1
907,0,1,-1
908,0,1,-1
909,0,1,-1
910,0,1,-1
911,0,1,-1
912,0,1,-1
913,0,1,-1
914,0,1,-1
915,0,1,-1
916,0,1,-1
941,0,1,-1
943,0,1,-1
988,0,1,-1
977,0,1,-1
968,0,1,-1
969,0,1,-1
970,0,1,-1
971,0,1,-1
972,0,1,-1
973,0,1,-1
974,0,1,-1
975,0,1,-1
976,0,1,-1
978,0,1,-1
944,0,1,-1
979,0,1,-1
980,0,1,-1
981,0,1,-1
982,0,1,-1
983,0,1,-1
984,0,1,-1
985,0,1,-1
986,0,1,-1
987,0,1,-1
967,0,1,-1
966,0,1,-1
965,0,1,-1
964,0,1,-1
945,0,1,-1
946,0,1,-1
947,0,1,-1
948,0,1,-1
949,0,1,-1
950,0,1,-1
951,0,1,-1
952,0,1,-1
953,0,1,-1
954,0,1,-1
955,0,1,-1
956,0,1,-1
957,0,1,-1
958,0,1,-1
959,0,1,-1
960,0,1,-1
961,0,1,-1
962,0,1,-1
963,0,1,-1
1019,0,1,-1
695,0,2,-2
694,0,2,-2
635,0,2,-2
663,0,2,-2
662,0,2,-2
661,0,2,-2
660,0,2,-2
659,0,2,-2
658,0,2,-2
657,0,2,-2
656,0,2,-2
655,0,2,-2
654,0,2,-2
653,0,2,-2
652,0,2,-2
651,0,2,-2
650,0,2,-2
649,0,2,-2
648,0,2,-2
647,0,2,-2
646,0,2,-2
645,0,2,-2
644,0,2,-2
643,0,2,-2
642,0,2,-2
641,0,2,-2
696,0,2,-2
639,0,2,-2
638,0,2,-2
637,0,2,-2
664,0,2,-2
665,0,2,-2
666,0,2,-2
681,0,2,-2
693,0,2,-2
692,0,2,-2
691,0,2,-2
690,0,2,-2
689,0,2,-2
688,0,2,-2
687,0,2,-2
686,0,2,-2
685,0,2,-2
684,0,2,-2
683,0,2,-2
682,0,2,-2
680,0,2,-2
667,0,2,-2
679,0,2,-2
678,0,2,-2
677,0,2,-2
676,0,2,-2
675,0,2,-2
674,0,2,-2
673,0,2,-2
672,0,2,-2
671,0,2,-2
670,0,2,-2
669,0,2,-2
668,0,2,-2
636,0,2,-2
634,0,2,-2
705,0,2,-2
633,0,2,-2
602,0,2,-2
601,0,2,-2
600,0,2,-2
599,0,2,-2
598,0,2,-2
597,0,2,-2
596,0,2,-2
595,0,2,-2
594,0,2,-2
593,0,2,-2
592,0,2,-2
591,0,2,-2
590,0,2,-2
589,0,2,-2
588,0,2,-2
587,0,2,-2
586,0,2,-2
585,0,2,-2
584,0,2,-2
697,0,2,-2
698,0,2,-2
699,0,2,-2
700,0,2,-2
701,0,2,-2
702,0,2,-2
703,0,2,-2
704,0,2,-2
603,0,2,-2
604,0,2,-2
605,0,2,-2
620,0,2,-2
632,0,2,-2
631,0,2,-2
630,0,2,-2
629,0,2,-2
628,0,2,-2
627,0,2,-2
626,0,2,-2
625,0,2,-2
624,0,2,-2
623,0,2,-2
622,0,2,-2
621,0,2,-2
619,0,2,-2
606,0,2,-2
618,0,2,-2
617,0,2,-2
616,0,2,-2
615,0,2,-2
614,0,2,-2
613,0,2,-2
612,0,2,-2
611,0,2,-2
610,0,2,-2
609,0,2,-2
608,0,2,-2
607,0,2,-2
640,0,2,-2
